exponent bw (Hz) peak/bg  shape %  dev/segment  segments K  minutes
     1.0     1.0     0.5     0.03     1.19e-07    66180090 2451114.4
     1.0     1.0     1.0     0.03     3.83e-07    20517509 759907.7
     1.0     1.0     3.0     0.03     1.93e-06     4062075 150447.2
     1.0     1.5     0.5     0.10     2.15e-06     3655400 135385.2
     1.0     1.5     1.0     0.10     6.97e-06     1126819  41734.0
     1.0     1.5     3.0     0.10     3.57e-05      219696   8136.9
     1.0     2.5     0.5     0.95     6.48e-05      121160   4487.4
     1.0     2.5     1.0     0.95     2.11e-04       37209   1378.1
     1.0     2.5     3.0     0.95     1.09e-03        7203    266.8
     1.4     1.0     0.5     0.04     2.32e-07    33775486 1250943.9
     1.4     1.0     1.0     0.04     7.50e-07    10471318 387826.6
     1.4     1.0     3.0     0.04     3.79e-06     2073153  76783.4
     1.4     1.5     0.5     0.15     4.20e-06     1867891  69181.2
     1.4     1.5     1.0     0.15     1.36e-05      575821  21326.7
     1.4     1.5     3.0     0.15     6.99e-05      112280   4158.5
     1.4     2.5     0.5     1.98     1.27e-04       61945   2294.3
     1.4     2.5     1.0     1.98     4.13e-04       19027    704.7
     1.4     2.5     3.0     1.98     2.13e-03        3686    136.5
     1.5     1.0     0.5     0.04     2.67e-07    29424406 1089792.8
     1.5     1.0     1.0     0.04     8.61e-07     9122378 337865.8
     1.5     1.0     3.0     0.04     4.35e-06     1806092  66892.3
     1.5     1.5     0.5     0.17     4.82e-06     1627770  60287.8
     1.5     1.5     1.0     0.17     1.56e-05      501803  18585.3
     1.5     1.5     3.0     0.17     8.02e-05       97850   3624.1
     1.5     2.5     0.5     2.38     1.45e-04       53994   1999.8
     1.5     2.5     1.0     2.38     4.73e-04       16586    614.3
     1.5     2.5     3.0     2.38     2.44e-03        3214    119.0
     2.0     1.0     0.5     0.06     4.74e-07    16557423 613237.9
     2.0     1.0     1.0     0.06     1.53e-06     5133294 190122.0
     2.0     1.0     3.0     0.06     7.72e-06     1016333  37642.0
     2.0     1.5     0.5     0.24     8.56e-06      917385  33977.2
     2.0     1.5     1.0     0.24     2.78e-05      282822  10474.9
     2.0     1.5     3.0     0.24     1.42e-04       55156   2042.8
     2.0     2.5     0.5     5.52     2.58e-04       30478   1128.8
     2.0     2.5     1.0     5.52     8.38e-04        9364    346.8
     2.0     2.5     3.0     5.52     4.32e-03        1816     67.3
